2
0
2
0
0
70
2
2
20
5
10
5
49.299999
23.400000
 / 
 = 
\n
 / 
 = 
\n
 * 
 = 
\n
 * 
 = 
\n
a: 
\n
b: 
\n
c: 
\n
d: 
\n
name
1

0
0
0
0
0
37
dividir_float
2
floatfloat
0
0
3
1
0
1
dividir_int
3
intint
2
0
1
1
0
10
multiplicar_float
4
floatfloat
0
0
3
1
0
19
multiplicar_int
5
intint
3
1
0
0
0
28
9		-1		37		-1
7		7002		7003		11000
3		-1		11000		7004
12		7002		-1		-1
12		13000		-1		-1
12		7003		-1		-1
12		13001		-1		-1
12		7004		-1		-1
12		13002		-1		-1
16		-1		-1		-1
7		1002		1003		11000
3		-1		11000		7002
12		1002		-1		-1
12		13003		-1		-1
12		1003		-1		-1
12		13004		-1		-1
12		7002		-1		-1
12		13005		-1		-1
16		-1		-1		-1
6		7002		7003		11000
3		-1		11000		7004
12		7002		-1		-1
12		13006		-1		-1
12		7003		-1		-1
12		13007		-1		-1
12		7004		-1		-1
12		13008		-1		-1
16		-1		-1		-1
6		1002		1003		5000
3		-1		5000		1004
12		1002		-1		-1
12		13009		-1		-1
12		1003		-1		-1
12		13010		-1		-1
12		1004		-1		-1
12		13011		-1		-1
16		-1		-1		-1
3		-1		3000		1000
3		-1		3001		1001
3		-1		9000		7000
3		-1		9001		7001
12		13012		-1		-1
12		1000		-1		-1
12		13013		-1		-1
12		13014		-1		-1
12		1001		-1		-1
12		13015		-1		-1
12		13016		-1		-1
12		7000		-1		-1
12		13017		-1		-1
12		13018		-1		-1
12		7001		-1		-1
12		13019		-1		-1
13		-1		3		-1
14		-1		7000		0
14		-1		7001		1
15		-1		3		-1
13		-1		4		-1
14		-1		1000		0
14		-1		1001		1
15		-1		4		-1
13		-1		1		-1
14		-1		7000		0
14		-1		7001		1
15		-1		1		-1
13		-1		2		-1
14		-1		1000		0
14		-1		1001		1
15		-1		2		-1
3		-1		7000		1000
